29 0.31
30 0.325
31 0.345
32 0.36499994999999996
33 0.3799999
34 0.402499925
35 0.4249999
36 0.4449999
37 0.4633332333333333
38 0.4849998
39 0.5066665666666667
40 0.5299998
41 0.5566665666666667
42 0.5799997333333333
43 0.6066665000000001
44 0.6299997
45 0.6566664999999999
46 0.6799996333333334
47 0.7099997250000001
48 0.7399996
49 0.767499725
50 0.8024996499999999
51 0.8299995
52 0.8599996500000001
53 0.8899994333333333
54 0.917499575
55 0.9559995600000001
56 0.9899993666666665
57 1.0174992500000002
58 1.0559991999999998
59 1.089999
60 1.1219992
61 1.1639992000000001
62 1.2059992000000002
63 1.2479992
64 1.284999
65 1.31749925
66 1.3599991666666666
67 1.4059992
68 1.4479992
69 1.484999
70 1.5219992000000002
71 1.5683325000000001
72 1.6139991999999999
73 1.6599990000000002
74 1.7099990000000003
75 1.7549990000000002
76 1.7999989999999997
77 1.849999
78 1.899999
79 1.9516651666666667
80 1.9999984000000002
81 2.0499989999999997
82 2.105712428571428
83 2.1599981666666666
84 2.218748125
85 2.28499825
86 2.3433315
87 2.397141
88 2.451664833333333
89 2.5057124285714285
90 2.5642838571428572
91 2.622855285714286
92 2.6849982499999996
93 2.747141
94 2.8057124285714283
95 2.864998
96 2.929998
97 2.9949980000000003
98 3.054998
99 3.1199975714285713
100 3.1888861111111115
101 3.259997125
102 3.3311083333333333
103 3.401247125
104 3.4687471249999997
105 3.5388861111111107
106 3.609997125
107 3.6849972
108 3.759997125
109 3.831108333333333
110 3.899997
111 3.974997
112 4.054997875
113 4.1349994
114 4.210001
115 4.2850023
116 4.372731272727273
117 4.455561777777778
118 4.535006900000001
119 4.614453999999999
120 4.6972830909090915
121 4.7850117
122 4.872740999999999
123 4.960016899999999
124 5.0472898181818175
125 5.1350185
126 5.222747818181819
127 5.305579333333333
128 5.389114727272727
129 5.480934636363636
130 5.576694499999999
131 5.676696499999999
132 5.776698333333333
133 5.876700416666666
134 5.972762363636364
135 6.06837075
136 6.168372833333333
137 6.26837475
138 6.3600462
139 6.451711916666667
140 6.55171375
141 6.651715666666668
142 6.751717833333331
143 6.860050500000001
144 6.968388583333332
145 7.072365692307691
146 7.185060999999999
147 7.297754923076922
148 7.410060928571428
149 7.522374692307692
150 7.626734916666667
151 7.7308403846153855
152 7.839304153846154
153 7.947767846153846
154 8.064073933333333
155 8.185080714285714
156 8.306078600000001
157 8.426514071428572
158 8.543659428571427
159 8.6640854
160 8.789427133333334
161 8.914090133333334
162 9.030865923076924
163 9.151970875
164 9.276531285714286
165 9.393676571428571
166 9.518228
167 9.66860995
168 9.814107266666666
169 9.939450266666663
170 10.072468235294117
171 10.210117500000003
172 10.339457333333334
173 10.468244375000001
174 10.602000625000002
175 10.730799333333332
176 10.860125625000002
177 10.997781764705882
178 11.1351425
179 11.272489411764708
180 11.414261176470589
181 11.560146666666666
182 11.706027647058823
183 11.851819444444445
184 12.001821666666666
185 12.151821666666667
186 12.301828888888888
187 12.447808823529414
188 12.593496666666667
189 12.74350388888889
190 12.893505
191 13.043505
192 13.193512777777777
193 13.343513333333336
194 13.497550526315786
195 13.655979473684209
196 13.810188333333336
197 13.964404736842106
198 14.122831578947368
199 14.28924142857143
200 14.455994736842106
201 14.618709999999998
202 14.7852
203 14.947584736842103
204 15.110218499999997
205 15.272851052631578
206 15.439265714285714
207 15.610227000000004
208 15.78117619047619
209 15.951735499999998
210 16.12704772727273
211 16.301744
212 16.4687435
213 16.643421818181825
214 16.818751
215 16.98928904761905
216 17.16454619047619
217 17.347642608695654
218 17.535255000000003
219 17.714554285714286
220 17.89765217391304
221 18.085263636363635
222 18.264561428571426
223 18.447664347826088
224 18.63527
225 18.822886086956522
226 19.006005714285713
227 19.18527818181818
228 19.372896086956523
229 19.560300909090913
230 19.751963333333332
231 19.96028692307692
232 20.168636250000002
233 20.356028571428574
234 20.54791
235 20.756298
236 20.9643176
237 21.168651666666666
238 21.36466434782609
239 21.555994782608696
240 21.7519925
241 21.951999583333333
242 22.16032153846154
243 22.372742799999997
244 22.5811432
245 22.79381423076923
246 23.018556071428574
247 23.24382153846154
248 23.46034192307692
249 23.672764400000002
250 23.8811652
251 24.114564516129025
252 24.3603625
253 24.585383461538463
254 24.806292222222222
255 24.955972222222222
